Version 0.9.7
13
 4 55 438 77 128 0 1
 5 819 470 206 81 2 2
 0 202 184 877 276 8 3
 0 197 561 877 276 140 4
 0 1098 179 877 276 272 5
 1 1264 463 206 81 404 6
 1 553 462 206 81 414 9
 0 1095 562 877 276 424 10
 3 780 12 203 58 556 11
 0 191 874 877 276 565 13
 6 774 1150 449 130 697 15
 0 1095 873 877 276 730 16
 6 1247 1142 449 130 862 18
 1
329
 65793 5 116 512 116 512 91 512 91 211 255 211 255 211 0 1 0 3
 4227327 5 281 250 281 250 281 81 733 81 733 250 736 250 0 3 0 3
 9812223 5 294 263 294 263 294 88 762 88 762 250 762 250 0 3 0 3
 12320767 5 346 263 346 263 346 112 843 112 843 263 827 263 0 3 0 3
 65280 5 437 276 428 276 428 157 859 157 859 276 866 276 0 3 0 3
 13041606 5 450 276 450 276 450 167 892 167 892 276 892 276 0 3 0 3
 16744448 5 489 289 489 289 489 181 921 181 921 289 931 289 0 3 0 3
 16762508 5 502 289 508 289 508 189 949 189 949 289 957 289 0 3 0 3
 16711935 5 593 263 593 263 593 131 990 131 990 263 996 263 0 3 0 3
 16751615 5 606 263 606 263 606 141 1015 141 1015 263 1022 263 0 3 0 3
 65535 5 333 263 333 263 333 102 794 102 794 263 801 263 0 3 0 3
 255 5 116 491 116 491 54 491 54 432 255 432 255 432 0 1 0 3
 255 5 268 432 268 432 261 432 261 575 263 575 263 575 0 3 0 4
 0 5 116 551 116 551 116 809 116 809 250 809 250 809 0 1 0 4
 16744448 5 931 250 931 182 159 182 159 507 276 507 276 666 0 3 0 4
 16711935 5 996 250 996 250 996 125 195 125 195 666 289 666 0 3 0 4
 10526880 5 302 627 302 627 302 640 315 640 315 627 315 627 0 4 0 4
 65280 5 866 250 866 250 866 158 250 158 250 627 328 627 0 3 0 4
 11579568 5 341 627 341 627 336 627 336 687 263 687 263 731 0 4 0 4
 65535 5 801 250 801 103 180 103 180 732 276 732 276 731 0 3 0 4
 33023 5 736 263 736 82 218 82 218 745 315 745 315 731 0 3 0 4
 11579568 5 289 731 289 731 289 731 302 731 302 731 302 731 0 4 0 4
 16749567 5 1022 250 1022 250 1022 144 425 144 425 666 432 666 0 3 0 4
 16767152 5 957 250 957 250 957 190 445 190 445 666 445 666 0 3 0 4
 11579568 5 458 627 458 627 458 627 471 627 471 627 471 627 0 4 0 4
 13041606 5 484 627 482 627 482 169 892 169 892 250 892 250 0 4 0 3
 10526880 5 445 731 445 731 445 731 458 731 458 731 458 731 0 4 0 4
 0 5 970 211 970 211 1151 211 1151 211 1151 206 1151 206 0 3 0 5
 5263440 5 1320 500 1320 500 1320 219 1216 219 1216 245 1216 245 0 6 0 5
 9474192 5 1359 245 1359 245 1359 172 1229 172 1229 245 1229 245 0 5 0 5
 5263440 5 1385 258 1385 258 1385 264 1255 264 1255 271 1255 271 0 5 0 5
 9474192 5 1268 284 1268 284 1268 317 1339 317 1339 487 1339 487 0 5 0 6
 5263440 5 1320 474 1320 474 1372 474 1372 474 1372 258 1372 258 0 6 0 5
 16711808 5 1242 245 1259 245 1259 121 1502 121 1502 245 1502 245 0 5 0 5
 16754386 5 1281 245 1281 245 1281 116 1567 116 1567 245 1567 245 0 5 0 5
 33023 5 736 276 736 276 736 83 1085 83 1085 349 1203 349 0 3 0 5
 16711808 5 1242 258 1242 258 1214 258 1214 349 1216 349 1216 349 0 5 0 5
 65280 5 866 263 866 263 866 158 1525 158 1525 284 1632 284 0 3 0 5
 255 5 1619 284 1619 284 1619 284 1619 284 1619 193 1619 193 0 5 0 5
 0 5 1164 206 1164 206 1164 206 1164 427 1164 427 1164 427 0 5 0 5
 0 5 1411 388 1411 388 1411 388 1411 427 1411 427 1411 427 0 5 0 5
 0 5 1281 388 1281 388 1281 388 1281 427 1281 427 1281 427 0 5 0 5
 0 5 1697 388 1697 388 1697 388 1697 427 1697 427 1697 427 0 5 0 5
 65535 5 801 276 801 276 801 105 1645 105 1645 284 1645 284 0 3 0 5
 10526880 5 1658 245 1658 245 1658 245 1671 245 1671 245 1671 245 0 5 0 5
 33023 5 736 289 738 289 738 83 1693 83 1693 284 1684 284 0 3 0 5
 10526880 5 1697 284 1697 284 1697 327 1671 327 1671 349 1671 349 0 5 0 5
 255 5 1151 440 1151 440 1151 440 1151 193 1151 193 1151 193 0 5 0 5
 16711808 5 1502 258 1502 258 1502 252 1658 252 1658 349 1658 349 0 5 0 5
 16749567 5 1022 276 1022 276 1022 144 1619 144 1619 349 1619 349 0 3 0 5
 16744448 5 931 263 931 263 931 181 1626 181 1626 349 1632 349 0 3 0 5
 0 5 1827 388 1827 388 1827 388 1827 427 1827 427 1827 427 0 5 0 5
 10526880 5 1645 362 1645 362 1645 356 1749 356 1749 362 1749 362 0 5 0 5
 6599167 5 762 276 762 276 762 92 1679 92 1679 349 1788 349 0 3 0 5
 16754386 5 1567 258 1567 258 1567 118 1794 118 1794 349 1801 349 0 5 0 5
 10526880 5 1814 349 1814 349 1814 349 1814 284 1814 284 1814 284 0 5 0 5
 12320767 5 1801 284 1801 284 1801 113 723 113 723 276 827 276 0 5 0 3
 10526880 5 1827 245 1827 245 1827 245 1775 245 1775 245 1775 245 0 5 0 5
 13041606 5 892 289 892 289 892 168 1762 168 1762 245 1762 245 0 3 0 5
 255 5 1749 245 1749 245 1749 245 1749 193 1749 193 1749 193 0 5 0 5
 255 5 1333 193 1333 193 1333 193 1333 245 1333 245 1333 245 0 5 0 5
 255 5 1203 193 1203 193 1203 193 1203 245 1203 245 1203 245 0 5 0 5
 255 5 1866 245 1866 245 1866 245 1866 193 1866 193 1866 193 0 5 0 5
 0 5 1918 427 1918 427 1944 427 1944 427 1944 388 1944 388 0 5 0 5
 16767152 5 957 263 957 263 957 191 1923 191 1923 284 1931 284 0 3 0 5
 10526880 5 1944 245 1944 245 1944 245 1892 245 1892 245 1892 245 0 5 0 5
 10526880 5 1788 258 1788 258 1788 258 1879 258 1879 258 1879 258 0 5 0 5
 255 5 549 627 549 627 549 627 549 575 549 575 549 575 0 4 0 4
 255 5 419 575 419 575 419 575 419 627 419 627 419 627 0 4 0 4
 255 5 263 627 263 627 257 627 257 575 250 575 250 575 0 4 0 4
 0 5 341 770 341 770 341 770 341 809 341 809 341 809 0 4 0 4
 0 5 497 770 497 770 497 770 497 809 497 809 497 809 0 4 0 4
 0 5 627 770 627 770 627 770 627 809 627 809 627 809 0 4 0 4
 6993407 5 432 731 437 731 437 91 762 91 762 289 762 289 0 4 0 3
 10944511 5 471 731 377 731 377 114 827 114 827 250 827 250 0 4 0 3
 16711808 5 562 731 557 731 557 557 1658 557 1658 388 1658 388 0 4 0 5
 10526880 5 445 744 445 744 445 744 549 744 549 744 549 744 0 4 0 4
 10526880 5 328 757 328 757 328 761 588 761 588 757 588 757 0 4 0 4
 16752078 5 601 731 607 731 607 566 1555 566 1555 271 1567 271 0 4 0 5
 255 5 679 575 679 575 679 575 679 627 679 627 679 627 0 4 0 4
 0 5 757 770 757 770 757 770 757 809 757 809 757 809 0 4 0 4
 23737 5 614 731 614 731 614 731 614 731 679 731 679 731 0 4 0 4
 23737 5 575 744 575 744 575 744 575 744 692 744 692 744 0 4 0 4
 23737 5 705 731 705 738 106 738 106 289 268 289 268 289 0 4 0 3
 23737 5 268 276 268 276 200 276 200 354 307 354 307 354 0 3 0 3
 0 5 307 211 307 211 307 211 307 250 307 250 307 250 0 3 0 3
 255 5 320 393 320 393 320 393 320 432 320 432 320 432 0 3 0 3
 255 5 476 393 476 393 476 393 476 432 476 432 476 432 0 3 0 3
 255 5 632 393 632 393 632 393 632 432 632 432 632 432 0 3 0 3
 0 5 463 250 463 250 463 250 463 211 463 211 463 211 0 3 0 3
 0 5 619 211 619 211 619 211 619 250 619 250 619 250 0 3 0 3
 0 5 1017 809 1017 809 1065 809 1065 542 834 542 834 539 0 4 0 2
 255 5 1022 432 1022 432 1022 434 1164 434 1164 440 1164 440 0 3 0 5
 16776960 5 268 445 268 445 268 445 268 393 268 393 268 393 0 3 0 3
 16776960 5 333 445 333 445 333 445 333 393 333 393 333 393 0 3 0 3
 16776960 5 424 445 424 445 424 445 424 393 424 393 424 393 0 3 0 3
 16776960 5 489 393 489 393 489 393 489 445 489 445 489 445 0 3 0 3
 255 5 281 432 281 432 281 432 281 393 281 393 281 393 0 3 0 3
 255 5 346 432 346 432 346 432 346 393 346 393 346 393 0 3 0 3
 255 5 437 432 437 432 437 432 437 393 437 393 437 393 0 3 0 3
 255 5 502 432 502 432 502 432 502 393 502 393 502 393 0 3 0 3
 16776960 5 580 393 580 393 580 393 580 445 580 445 580 445 0 3 0 3
 255 5 593 393 593 393 593 393 593 432 593 432 593 432 0 3 0 3
 255 5 834 481 834 481 809 481 809 481 809 575 809 575 0 2 0 4
 255 5 568 473 568 473 510 473 510 473 510 575 510 575 0 9 0 4
 0 5 568 531 568 531 523 531 523 531 523 809 523 809 0 9 0 4
 32896 5 609 473 609 473 609 393 609 393 606 393 606 393 0 9 0 3
 32896 5 606 380 606 380 606 380 515 380 515 380 515 380 0 3 0 3
 32896 5 515 367 515 367 515 384 450 384 450 393 450 393 0 3 0 3
 32896 5 450 380 450 380 450 380 359 380 359 380 359 380 0 3 0 3
 32896 5 359 367 359 367 359 369 294 369 294 367 294 367 0 3 0 3
 10526880 5 497 666 497 666 497 688 419 688 419 731 419 731 0 4 0 4
 10526880 5 497 653 497 653 497 653 562 653 562 653 562 653 0 4 0 4
 33023 5 315 770 315 770 315 775 575 775 575 666 575 666 0 4 0 4
 255 5 809 627 809 627 796 627 796 627 796 575 796 575 0 4 0 4
 0 5 887 770 887 770 887 770 887 809 887 809 887 809 0 4 0 4
 10526880 5 562 640 562 640 562 648 692 648 692 640 692 640 0 4 0 4
 10944511 5 471 770 471 770 471 781 705 781 705 666 705 666 0 4 0 4
 10526880 5 718 666 718 666 718 671 822 671 822 666 822 666 0 4 0 4
 16711808 5 562 744 562 744 562 750 594 750 594 666 601 666 0 4 0 4
 10526880 5 835 653 835 653 835 642 614 642 614 653 614 653 0 4 0 4
 10526880 5 627 666 627 666 627 660 744 660 744 666 744 666 0 4 0 4
 255 5 952 627 952 627 952 627 952 575 952 575 952 575 0 4 0 4
 0 5 1030 770 1030 770 1030 819 1004 819 1004 809 1004 809 0 4 0 4
 6993407 5 432 757 432 757 432 764 965 764 965 757 965 757 0 4 0 4
 55769 5 757 666 757 666 757 688 718 688 718 731 718 731 0 4 0 4
 55769 5 744 731 749 731 749 312 359 312 359 289 359 289 0 4 0 3
 55769 5 359 276 359 276 359 282 320 282 320 289 320 289 0 3 0 3
 16711935 5 1918 284 1911 284 1911 132 996 132 996 276 996 276 0 5 0 3
 10526880 5 1229 349 1229 349 1229 349 1242 349 1242 349 1242 349 0 5 0 5
 65535 5 801 289 801 289 801 103 1255 103 1255 349 1255 349 0 3 0 5
 10526880 5 1762 375 1762 375 1762 370 1684 370 1684 375 1684 375 0 5 0 5
 10526880 5 1827 284 1827 284 1827 836 991 836 991 731 991 731 0 5 0 4
 10526880 5 341 640 341 640 341 695 1004 695 1004 731 1004 731 0 4 0 4
 255 5 1017 575 1017 575 1148 575 1148 575 1148 576 1148 576 0 4 0 10
 0 5 991 809 991 809 1148 809 1148 809 1148 810 1148 810 0 4 0 10
 4227072 5 1017 731 1017 731 1161 731 1161 731 1161 732 1161 732 0 4 0 10
 10526880 5 1268 349 1268 349 1268 601 965 601 965 666 965 666 0 5 0 4
 10526880 5 497 627 497 627 497 619 978 619 978 627 978 627 0 4 0 4
 32768 5 991 666 991 666 991 688 1174 688 1174 732 1174 732 0 4 0 10
 255 5 1161 628 1161 628 1161 628 1161 576 1161 576 1161 576 0 10 0 10
 0 5 1239 771 1239 771 1239 771 1239 810 1239 810 1239 810 0 10 0 10
 32768 5 1187 732 1187 732 1182 732 1182 354 463 354 463 354 0 10 0 3
 32768 5 463 367 463 367 424 367 424 367 424 289 424 289 0 3 0 3
 10526880 5 458 640 458 640 458 634 1017 634 1017 640 1017 640 0 4 0 4
 10526880 5 1004 627 1004 627 1004 394 1684 394 1684 388 1684 388 0 4 0 5
 255 5 1291 628 1291 628 1291 628 1291 576 1291 576 1291 576 0 10 0 10
 0 5 1369 810 1369 810 1369 810 1369 771 1369 771 1369 771 0 10 0 10
 16711680 5 1030 627 1030 627 1030 681 1200 681 1200 732 1200 732 0 4 0 10
 10526880 5 1788 284 1781 284 1781 860 1291 860 1291 732 1291 732 0 5 0 10
 10526880 5 302 666 302 666 302 656 1304 656 1304 732 1304 732 0 4 0 10
 16711680 5 1317 771 1317 771 1317 771 1213 771 1213 771 1213 771 0 10 0 10
 16711680 5 515 250 515 250 1250 250 1250 732 1226 732 1226 732 0 3 0 10
 16711680 5 515 263 515 263 515 263 476 263 476 263 476 263 0 3 0 3
 12517567 5 1775 388 1775 388 1775 621 1174 621 1174 628 1174 628 0 5 0 10
 12517567 5 1905 284 1905 284 1905 635 1187 635 1187 641 1187 641 0 5 0 10
 12517567 5 1200 654 1200 654 1200 380 1200 380 619 380 619 380 0 10 0 3
 12517567 5 619 367 619 367 619 307 580 307 580 289 580 289 0 3 0 3
 33023 5 736 302 736 302 736 83 966 83 966 56 966 56 0 3 0 11
 65535 5 801 302 801 302 801 103 946 103 946 56 946 56 0 3 0 11
 65280 5 866 289 866 289 866 158 926 158 926 56 926 56 0 3 0 11
 16744448 5 931 276 931 276 907 276 907 56 906 56 906 56 0 3 0 11
 16711935 5 996 289 996 289 996 132 886 132 886 56 886 56 0 3 0 11
 0 5 268 211 268 211 268 49 268 49 791 49 791 49 0 3 0 11
 10526880 5 588 627 588 627 588 627 1304 627 1304 654 1304 654 0 4 0 10
 16711808 5 1502 297 1502 297 1502 628 1502 628 1317 628 1317 628 0 5 0 10
 10526880 5 731 653 731 653 731 650 1330 650 1330 654 1330 654 0 4 0 10
 10526880 5 952 770 952 770 952 786 289 786 289 770 289 770 0 4 0 4
 10526880 5 978 770 978 770 978 782 1330 782 1330 771 1330 771 0 4 0 10
 16752078 5 1567 297 1575 297 1575 793 1343 793 1343 758 1343 758 0 5 0 10
 55769 5 1356 758 1356 758 731 758 731 758 731 757 731 757 0 10 0 4
 4227327 5 315 757 315 757 317 757 317 981 335 981 335 979 0 4 0 13
 65535 5 276 770 276 770 150 770 150 1063 348 1063 348 1044 0 4 0 13
 16744448 5 276 653 276 653 142 653 142 1044 257 1044 257 1044 0 4 0 13
 16711935 5 289 653 289 647 91 647 91 1096 374 1096 374 1044 0 4 0 13
 16744448 5 257 1083 257 1083 257 1110 478 1110 478 1083 478 1083 0 13 0 13
 65280 5 491 1070 492 1070 492 1103 283 1103 283 1070 283 1070 0 13 0 13
 8421504 5 504 1070 503 1070 503 1096 387 1096 387 1070 387 1070 0 13 0 13
 255 5 400 1044 400 1044 400 1025 257 1025 257 979 257 979 0 13 0 13
 255 5 400 1057 400 1057 400 1057 517 1057 517 1057 517 1057 0 13 0 13
 16744703 5 432 653 432 653 432 916 387 916 387 979 387 979 0 4 0 13
 16744448 5 478 1044 478 1044 478 1003 400 1003 400 979 400 979 0 13 0 13
 12632256 5 413 979 413 979 413 979 426 979 426 979 426 979 0 13 0 13
 12632256 5 517 966 517 966 517 966 439 966 439 966 439 966 0 13 0 13
 65280 5 491 1044 491 1044 491 1044 491 979 491 979 491 979 0 13 0 13
 65535 5 348 1070 348 1070 348 1117 582 1117 582 979 504 979 0 13 0 13
 32768 5 452 953 452 953 452 953 530 953 530 953 530 953 0 13 0 13
 16711935 5 374 1070 374 1070 374 1066 413 1066 413 1070 413 1070 0 13 0 13
 4210816 5 822 770 874 770 874 1127 426 1127 426 1044 426 1044 0 4 0 13
 32768 5 439 1044 439 1044 509 1044 509 987 543 987 543 966 0 13 0 13
 32768 5 556 940 556 940 589 940 589 1057 530 1057 530 1057 0 13 0 13
 16711808 5 543 1083 543 1083 543 1138 296 1138 296 1083 296 1083 0 13 0 13
 32768 5 530 1070 524 1070 524 1147 335 1147 335 1070 335 1070 0 13 0 13
 0 5 322 940 322 940 322 940 322 901 322 901 322 901 0 13 0 13
 0 5 263 809 263 809 263 901 263 901 244 901 244 901 0 4 0 13
 0 5 309 940 309 940 309 940 309 901 309 901 309 901 0 13 0 13
 255 5 309 1083 309 1083 309 1083 309 1122 309 1122 309 1122 0 13 0 13
 255 5 289 575 289 575 73 575 73 1122 244 1122 244 1122 0 4 0 13
 255 5 1011 1122 1011 1122 1059 1122 1059 888 1011 888 1011 888 0 13 0 13
 255 5 374 940 374 940 374 940 374 888 374 888 374 888 0 13 0 13
 255 5 478 940 478 940 478 940 478 888 478 888 478 888 0 13 0 13
 0 5 1011 901 1011 901 1049 901 1049 1135 1011 1135 1011 1135 0 13 0 13
 0 5 556 1083 556 1083 556 1083 556 1135 556 1135 556 1135 0 13 0 13
 0 5 452 1083 452 1083 452 1083 452 1135 452 1135 452 1135 0 13 0 13
 0 5 296 940 296 940 296 940 296 901 296 901 296 901 0 13 0 13
 8421504 5 504 1083 504 1083 504 1090 863 1090 863 770 809 770 0 13 0 4
 65280 5 328 666 328 666 115 666 115 1053 283 1053 283 1044 0 4 0 13
 255 5 582 1122 582 1122 582 1177 582 1177 790 1177 790 1177 0 13 0 15
 16776960 5 348 966 348 966 348 859 737 859 737 1044 712 1044 0 13 0 13
 16776960 5 322 1083 322 1083 322 1167 634 1167 634 1070 634 1070 0 13 0 13
 16776960 5 270 1083 270 1083 270 1182 647 1182 647 1083 647 1083 0 13 0 13
 16776960 5 270 979 270 979 270 1002 699 1002 699 1044 699 1044 0 13 0 13
 255 5 634 940 634 940 634 940 634 888 634 888 634 888 0 13 0 13
 0 5 725 1083 725 1083 725 1083 725 1135 725 1135 725 1135 0 13 0 13
 255 5 686 1083 686 1083 686 1083 686 1122 686 1122 686 1122 0 13 0 13
 255 5 660 1083 660 1083 660 1083 660 1122 660 1122 660 1122 0 13 0 13
 16711680 5 673 979 673 979 673 1328 915 1328 915 1273 915 1273 0 13 0 15
 16711680 5 928 1273 928 1273 928 1329 686 1329 686 979 686 979 0 15 0 13
 16711680 5 699 979 699 979 699 1330 941 1330 941 1273 941 1273 0 13 0 15
 16711680 5 712 979 712 979 712 1332 954 1332 954 1273 954 1273 0 13 0 15
 16711680 5 725 979 725 979 732 979 732 1331 967 1331 967 1273 0 13 0 15
 16711680 5 980 1273 980 1330 642 1330 642 979 647 979 647 979 0 15 0 13
 16711680 5 660 979 660 979 660 1331 993 1331 993 1273 993 1273 0 13 0 15
 255 5 517 1044 517 1044 517 1050 764 1050 764 1044 764 1044 0 13 0 13
 255 5 764 1083 764 1083 784 1083 784 1289 837 1289 837 1273 0 13 0 15
 32768 5 556 953 556 953 556 953 790 953 790 953 790 953 0 13 0 13
 32768 5 811 1273 811 1301 792 1301 792 992 790 992 790 992 0 15 0 13
 32768 5 790 979 790 979 790 1301 850 1301 850 1273 850 1273 0 13 0 15
 32768 5 863 1273 863 1273 863 1301 790 1301 790 966 790 966 0 15 0 13
 0 5 764 1135 764 1135 764 1273 764 1273 824 1273 824 1273 0 13 0 15
 16711808 5 876 1273 876 1273 876 1282 543 1282 543 1070 543 1070 0 15 0 13
 255 5 764 1031 764 1031 764 871 835 871 835 731 835 731 0 13 0 4
 8421631 5 848 744 848 744 802 744 802 1322 889 1322 889 1273 0 4 0 15
 8421504 5 1268 258 1268 258 1268 258 1346 258 1346 258 1346 258 0 5 0 5
 0 5 1242 427 1242 427 1242 532 1242 532 1279 532 1279 532 0 5 0 6
 255 5 1279 474 1279 474 1279 440 1279 440 1281 440 1281 440 0 6 0 5
 255 5 998 888 998 888 1148 888 1148 888 1148 887 1148 887 0 13 0 16
 0 5 998 1135 998 1135 1148 1135 1148 1135 1148 1134 1148 1134 0 13 0 16
 0 5 998 901 998 901 1148 901 1148 901 1148 900 1148 900 0 13 0 16
 255 5 1252 887 1252 887 1252 887 1252 939 1252 939 1252 939 0 16 0 16
 255 5 1161 887 1161 887 1161 887 1161 939 1161 939 1161 939 0 16 0 16
 0 5 1174 900 1174 900 1174 900 1174 939 1174 939 1174 939 0 16 0 16
 0 5 1239 900 1239 900 1239 900 1239 939 1239 939 1239 939 0 16 0 16
 255 5 998 1122 998 1122 1148 1122 1148 1122 1148 1121 1148 1121 0 13 0 16
 255 5 1161 1082 1161 1082 1161 1082 1161 1121 1161 1121 1161 1121 0 16 0 16
 0 5 1252 1134 1252 1134 1252 1134 1252 1082 1252 1082 1252 1082 0 16 0 16
 255 5 1213 1082 1213 1082 1213 1082 1213 1121 1213 1121 1213 1121 0 16 0 16
 0 5 1187 900 1187 900 1187 900 1187 939 1187 939 1187 939 0 16 0 16
 255 5 1304 939 1304 939 1304 939 1304 887 1304 887 1304 887 0 16 0 16
 0 5 1382 1134 1382 1134 1382 1134 1382 1082 1382 1082 1382 1082 0 16 0 16
 8421440 5 1187 1043 1187 1043 1187 1035 1304 1035 1304 1043 1304 1043 0 16 0 16
 255 5 1434 939 1434 939 1434 939 1434 887 1434 887 1434 887 0 16 0 16
 65793 5 1512 1082 1512 1082 1512 1082 1512 1134 1512 1134 1512 1134 0 16 0 16
 8421440 5 1317 1043 1317 1043 1317 1036 1434 1036 1434 1043 1434 1043 0 16 0 16
 12632256 5 1174 1043 1174 1043 1174 1049 1330 1049 1330 1043 1330 1043 0 16 0 16
 12632256 5 1343 1043 1343 1043 1343 1048 1447 1048 1447 1043 1447 1043 0 16 0 16
 4194368 5 1226 1082 1226 1082 1226 1075 1356 1075 1356 1082 1356 1082 0 16 0 16
 4194368 5 1369 1082 1369 1082 1369 1075 1473 1075 1473 1082 1473 1082 0 16 0 16
 16777215 5 1239 1069 1239 1069 1276 1069 1276 978 1317 978 1317 978 0 16 0 16
 16777215 5 1330 978 1330 978 1330 1009 1486 1009 1486 1043 1486 1043 0 16 0 16
 10526880 5 1499 1043 1511 1043 1511 997 1343 997 1343 978 1343 978 0 16 0 16
 255 5 1564 939 1564 939 1564 939 1564 887 1564 887 1564 887 0 16 0 16
 0 5 1642 1082 1642 1082 1642 1082 1642 1134 1642 1134 1642 1134 0 16 0 16
 10526880 5 1356 978 1356 978 1356 984 1577 984 1577 978 1577 978 0 16 0 16
 16777147 5 992 507 992 507 1126 507 1126 958 1590 958 1590 965 0 2 0 16
 10526880 5 1603 978 1603 978 1603 1014 1200 1014 1200 1056 1200 1056 0 16 0 16
 16777215 5 1317 965 1317 965 1317 1003 1564 1003 1564 1043 1564 1043 0 16 0 16
 10526880 5 1590 1043 1590 1043 1590 1029 1369 1029 1369 978 1369 978 0 16 0 16
 10526880 5 1382 965 1382 965 1382 970 1616 970 1616 965 1616 965 0 16 0 16
 12632256 5 1330 1056 1330 1056 1330 1061 1577 1061 1577 1056 1577 1056 0 16 0 16
 12632256 5 1577 1043 1577 1043 1577 1000 1629 1000 1629 978 1629 978 0 16 0 16
 255 5 1694 939 1694 939 1694 939 1694 887 1694 887 1694 887 0 16 0 16
 0 5 1785 1134 1785 1134 1794 1134 1794 1082 1785 1082 1785 1082 0 16 0 16
 255 5 1720 1082 1720 1082 1713 1082 1713 1121 1720 1121 1720 1121 0 16 0 16
 255 5 1746 1121 1746 1121 1751 1121 1751 1082 1746 1082 1746 1082 0 16 0 16
 8388863 5 1642 978 1642 978 1686 978 1686 1043 1694 1043 1694 1043 0 16 0 16
 8421440 5 1304 1082 1304 1082 1304 1090 1772 1090 1772 1082 1772 1082 0 16 0 16
 4194368 5 1707 1056 1707 1056 1707 1071 1356 1071 1356 1069 1356 1069 0 16 0 16
 16777215 5 1564 1056 1564 1056 1564 1056 1603 1056 1603 1056 1603 1056 0 16 0 16
 4194432 5 1629 1043 1629 1043 1629 1047 1759 1047 1759 1043 1759 1043 0 16 0 16
 16744576 5 1707 978 1903 978 1903 1288 1188 1288 1188 1273 1188 1273 0 16 0 15
 16744576 5 1720 978 1908 978 1908 1281 1201 1281 1201 1273 1201 1273 0 16 0 15
 16744576 5 1733 978 1920 978 1920 1358 1123 1358 1123 1273 1123 1273 0 16 0 15
 16744576 5 1785 978 1974 978 1974 1298 1175 1298 1175 1273 1175 1273 0 16 0 15
 16744576 5 1772 978 1961 978 1961 1307 1162 1307 1162 1273 1162 1273 0 16 0 15
 16744576 5 1759 978 1948 978 1948 1318 1149 1318 1149 1273 1149 1273 0 16 0 15
 16744576 5 1746 978 1933 978 1933 1335 1136 1335 1136 1273 1136 1273 0 16 0 15
 12615680 5 1590 1069 1590 1069 1590 1063 1847 1063 1847 1043 1837 1043 0 16 0 16
 12615680 5 1837 1056 1847 1056 1847 1272 1084 1272 1084 1273 1084 1273 0 16 0 15
 12615680 5 1837 1069 1837 1069 1831 1069 1831 1273 1071 1273 1071 1273 0 16 0 15
 12615680 5 1837 1082 1837 1082 1837 1273 1837 1273 1058 1273 1058 1273 0 16 0 15
 12615680 5 1837 1030 1837 1030 1837 1348 1019 1348 1019 1273 1019 1273 0 16 0 15
 1052688 5 1032 1273 1032 1273 1240 1273 1240 1142 1161 1142 1161 1134 0 15 0 16
 1052688 5 1174 1134 1174 1134 1238 1134 1238 1273 1045 1273 1045 1273 0 16 0 15
 255 5 1174 1121 1174 1121 1239 1121 1239 1273 1097 1273 1097 1273 0 16 0 15
 10526880 5 1616 1043 1616 1043 1616 1043 1616 978 1616 978 1616 978 0 16 0 16
 4227327 5 1684 271 1684 271 1684 267 1941 267 1941 719 1941 719 0 5 0 10
 4259584 5 1632 271 1632 271 1928 271 1928 271 1928 719 1928 719 0 5 0 10
 16744448 5 1632 362 1632 362 1915 362 1915 362 1915 719 1915 719 0 5 0 10
 16711935 5 1918 258 1918 258 1893 258 1893 719 1902 719 1902 719 0 5 0 10
 16711935 5 1902 771 1902 771 1447 771 1447 771 1447 939 1447 939 0 10 0 16
 16744448 5 1915 771 1915 771 1460 771 1460 771 1460 939 1460 939 0 10 0 16
 4259584 5 1928 771 1928 771 1486 771 1486 771 1486 939 1486 939 0 10 0 16
 4227327 5 1941 771 1941 771 1505 771 1505 939 1499 939 1499 939 0 10 0 16
 255 5 1421 576 1421 576 1421 576 1421 628 1421 628 1421 628 0 10 0 10
 0 5 1499 810 1499 810 1499 810 1499 771 1499 771 1499 771 0 10 0 10
 10526880 5 1512 939 1512 939 1535 939 1535 738 1473 738 1473 732 0 16 0 10
 10526880 5 1499 1056 1499 1056 1499 732 1499 732 1460 732 1460 732 0 16 0 10
 10526880 5 1486 745 1486 745 1486 752 1434 752 1434 745 1434 745 0 10 0 10
 8421440 5 1453 500 1453 500 1427 500 1427 732 1421 732 1421 732 0 6 0 10
 255 5 954 507 954 507 954 673 1356 673 1356 667 1356 667 0 2 0 10
 16776960 5 1369 667 1369 667 1393 667 1393 445 1022 445 1022 445 0 10 0 3
 255 5 1447 732 1447 732 1447 349 1447 349 1385 349 1385 349 0 10 0 5
 255 5 1398 362 1398 362 1398 654 1398 654 1343 654 1343 654 0 5 0 10
 255 5 1263 1169 1263 1169 1263 1121 1263 1121 1265 1121 1265 1121 0 18 0 16
 255 5 1447 745 1447 745 959 745 959 745 959 940 959 940 0 10 0 13
 255 5 959 992 959 992 910 992 910 1265 1284 1265 1284 1265 0 13 0 18
 255 5 1297 1265 1297 1265 910 1265 910 979 959 979 959 979 0 18 0 13
 255 5 959 966 959 966 911 966 911 1265 1310 1265 1310 1265 0 13 0 18
 0 5 1323 1265 1323 1265 1367 1265 1367 1134 1317 1134 1317 1134 0 18 0 16
 0 5 1336 1265 1336 1265 1365 1265 1365 1134 1330 1134 1330 1134 0 18 0 16
 0 5 1349 1265 1349 1265 1366 1265 1366 1134 1343 1134 1343 1134 0 18 0 16
 255 5 1369 1121 1369 1121 1369 1265 1369 1265 1362 1265 1362 1265 0 16 0 18
 16711680 5 1668 810 1668 810 1668 810 1668 771 1668 771 1668 771 0 10 0 10
 16711680 5 609 499 609 508 1566 508 1566 732 1590 732 1590 732 0 9 0 10
 16711680 5 874 666 874 666 874 487 874 487 1453 487 1453 487 0 4 0 6
 16711680 5 1603 745 1603 745 887 745 887 745 887 666 887 666 0 10 0 4
 16711680 5 1590 628 1590 628 1590 628 1590 576 1590 576 1590 576 0 10 0 10
 16711680 5 1226 952 1226 952 1616 952 1616 952 1616 732 1616 732 0 16 0 10
27
 7076 1 16 262 302 5 0 0 0 3
 7076 1 16 418 302 5 0 0 0 3
 7076 1 16 574 302 5 0 0 0 3
 7032 1 14 257 679 5 0 0 0 4
 7032 1 14 413 679 5 0 0 0 4
 7008 1 14 1197 297 5 0 0 0 5
 7004 1 14 1327 297 5 0 0 0 5
 7008 1 14 1613 297 5 0 0 0 5
 7008 1 14 1743 297 5 0 2003088640 0 5
 7008 1 14 1860 297 5 0 0 0 5
 7008 1 14 543 679 5 0 0 0 4
 7032 1 14 673 679 5 0 0 0 4
 7004 1 14 803 679 5 0 0 0 4
 7008 1 14 946 679 5 0 0 0 4
 7032 1 14 1155 680 5 0 0 0 10
 7008 1 14 1285 680 5 0 0 0 10
 7083 1 16 251 992 5 0 0 0 13
 7008 1 14 368 992 5 0 0 0 13
 7032 1 14 472 992 5 0 0 0 13
 7047 1 16 628 992 5 0 0 0 13
 7193 1 16 1155 991 5 0 0 0 16
 7004 1 14 1298 991 5 0 0 0 16
 7008 1 14 1558 991 5 0 0 0 16
 7047 1 16 1688 991 5 0 0 0 16
 7021 1 14 1428 991 5 0 0 0 16
 7032 1 14 1415 680 5 0 0 0 10
 7008 1 14 1584 680 5 0 0 0 10
